71130.0
71120.0
71120.01
71118.99
71092.82
71054.8
71040.01
71022.38
70997.99
70997.4
71009.98
70982.64
70990.0
71002.58
70963.05
70960.01
70950.0
70962.84
70926.8
70952.01
70942.01
70895.65
70970.0
70976.37
70975.63
70973.99
70959.99
70941.31
70958.61
70940.01
70937.92
70898.3
70890.0
70878.29
70865.85
70919.0
70910.01
70889.99
70934.83
70948.01
70978.43
71010.2
71050.0
70982.5
71002.01
71000.02
70995.8
71014.0
71000.01
70971.61
70970.01
70960.0
70933.08
70918.4
70949.99
71000.61
70980.0
70974.01
70941.22
70963.27
70980.0
70960.01
70941.16
70997.97
71051.6
71019.91
70944.52
70932.4
70930.4
70960.01
70920.41
70899.47
70899.47
70900.02
70890.74
70870.0
70849.99
70868.09
70892.37
70891.08
70930.0
70885.0
70901.08
70942.25
70965.99
70950.0
70932.8
70907.48
70895.59
70896.4
70910.0
70940.1
70928.61
70916.0
70952.42
70939.79
70880.73
70903.54
70915.0
71010.01
71035.99
71040.0
71048.61
71050.2
71042.64
71039.87
71010.0
70989.99
71009.99
71042.53
71072.47
71052.98
71039.98
71034.01
71000.0
71025.99
71004.53
70990.0
70976.94
70957.71
70955.01
71009.99
71010.0
70986.49
70999.99
71036.89
71045.56
71026.69
70990.0
70933.12
70946.01
70930.0
70960.0
70974.97
70960.01
70940.0
70949.99
70956.0
70940.01
70920.37
70981.4
70949.99
70963.99
71030.0
71020.0
71061.64
70999.87
70970.33
70985.06
70965.2
70930.0
71000.0
71020.01
70990.02
71005.93
71006.92
71010.0
70977.41
71000.0
71035.99
71044.97
71044.85
71072.0
71102.01
71140.0
71152.7
71196.99
71199.99
71268.41
71194.79
71188.55
71204.99
71173.21
71270.01
71234.17
71242.74
71226.33
71176.4
71121.14
71090.22
71077.41
71141.15
71110.01
71115.0
71070.01
71079.98
71087.74
71104.33
71106.99
71110.0
71114.02
71091.78
71106.12
71107.0
71129.99
71104.6
71133.49
71139.99
71123.51
71121.29
71119.99
71099.95
71050.01
71020.56
70989.95
71001.02
70980.0
70990.0
71003.33
71000.01
70994.36
71040.0
71035.6
71056.0
70990.79
71026.21
70980.01
71009.52
71045.12
71045.1
71053.95
70996.29
71000.2
71011.79
70994.73
71030.01
71135.58
71113.12
71118.88
71159.01
71102.0
71165.11
71182.0
71162.45
71090.0
71109.99
71207.7
71208.41
71230.07
71220.0
71234.9
71200.0
71199.73
71221.21
71246.72
71286.57
71300.12
71309.71
71313.31
71315.98
71364.71
71362.09
71296.01
71378.0
71390.0
71352.58
71363.58
71270.0
71318.99
71240.0
71241.19
71254.03
71392.4
71438.01
71459.99
71392.25
71380.78
71286.0
71220.0
71144.01
71120.01
71168.58
71176.3
71130.0
71130.21
71098.0
71080.02
71085.1
71198.73
71234.56
71229.94
71202.48
71150.78
71160.27
71150.01
71184.99
71212.28
71227.99
71222.67
71323.98
71364.19
71389.41
71415.63
71408.37
71277.4
71140.01
71210.0
71250.0
71411.14
71255.84
71287.09
71294.76
71288.05
71290.0
71384.6
71325.38
71349.97
71377.03
71334.01
71197.99
71170.21
71186.03
71174.58
71184.01
71240.06
71226.19
71234.2
71224.37
71290.0
71367.57
71349.99
71330.01
71345.04
71312.42
71287.9
71329.0
71320.0
71329.01
71370.0
71359.99
71385.99
71350.01
71310.0
71349.99
71309.99
71220.0
71219.72
71157.99
71150.01
71156.44
71173.12
71170.01
71191.43
71176.39
71160.63
71133.81
71120.0
71030.0
71011.99
71000.01
71019.84
71032.41
70930.0
70970.22
71019.92
70923.6
70950.0
70980.0
70990.0
